,INTJ,DM,DIR
INTJ,28,7,55
DM,15,148,57
DIR,93,30,237
